
c_medium.in
solution:{0, 2, 3, 4, 6, 7, 11, 12, 15, 16, 18, 22, 23, 24, 25, 30, 31, 34, 36, 37, 38, 39, 40, 41, 46, 47}
maxResult:179
solution:{0, 4, 7, 8, 10, 13, 14, 16, 17, 18, 20, 22, 23, 29, 33, 34, 38, 39, 41, 44, 45, 46, 47, 49}
maxResult:203
solution:{0, 1, 4, 5, 8, 9, 10, 12, 14, 15, 16, 17, 19, 20, 23, 24, 27, 29, 31, 35, 37, 39, 41, 42, 43, 48}
maxResult:420
solution:{0, 2, 3, 5, 6, 7, 9, 11, 12, 14, 16, 17, 18, 20, 21, 22, 24, 25, 26, 27, 37, 38, 39, 41, 43, 47, 49}
maxResult:455
solution:{1, 2, 3, 4, 5, 6, 10, 11, 13, 15, 16, 17, 18, 19, 21, 22, 23, 27, 28, 29, 30, 32, 34, 37, 39, 40, 42, 45, 48, 49}
maxResult:522
solution:{0, 2, 3, 5, 7, 9, 11, 12, 13, 15, 16, 17, 18, 19, 21, 22, 26, 27, 28, 30, 31, 32, 33, 34, 40, 41, 43, 46, 48, 49}
maxResult:544
solution:{0, 1, 2, 4, 6, 8, 10, 11, 12, 13, 14, 16, 18, 19, 20, 23, 24, 25, 26, 29, 30, 31, 33, 34, 35, 36, 38, 39, 42, 44, 46, 49}
maxResult:553
solution:{1, 2, 3, 4, 7, 8, 9, 11, 12, 13, 15, 17, 18, 19, 20, 21, 22, 23, 24, 25, 26, 29, 33, 35, 40, 41, 42, 45, 46, 48}
maxResult:1052
solution:{0, 1, 3, 4, 6, 8, 9, 10, 11, 12, 13, 15, 16, 17, 18, 19, 20, 22, 23, 24, 25, 26, 27, 28, 29, 34, 35, 38, 39, 40, 41, 42, 44, 45, 47, 49}
maxResult:1366
solution:{5, 6, 9, 10, 12, 13, 15, 16, 17, 18, 19, 20, 21, 22, 23, 24, 25, 26, 27, 28, 29, 30, 32, 35, 40}
maxResult:1465
solution:{0, 1, 2, 3, 4, 5, 6, 7, 8, 9, 10, 11, 12, 15, 16, 17, 18, 19, 20, 21, 23, 24, 25, 26, 27, 28, 29, 30, 31, 34, 35, 37, 38, 42, 43, 44, 46, 47, 48, 49}
maxResult:1609
solution:{0, 2, 3, 4, 5, 6, 7, 8, 9, 10, 11, 13, 14, 15, 16, 18, 19, 20, 21, 22, 23, 24, 25, 27, 28, 29, 30, 31, 32, 35, 36, 37, 38, 40, 41, 42, 48, 49}
maxResult:1683
solution:{1, 2, 4, 5, 6, 7, 9, 10, 11, 12, 13, 14, 16, 17, 18, 19, 20, 21, 22, 23, 24, 25, 26, 27, 28, 29, 30, 31, 32, 36, 39, 40, 43, 44, 45, 47, 48}
maxResult:1784
solution:{2, 3, 4, 5, 6, 9, 10, 12, 14, 16, 17, 18, 19, 20, 21, 22, 23, 24, 25, 26, 27, 28, 29, 30, 31, 32, 33, 34, 36, 37, 39, 40, 41, 45, 47, 48, 49}
maxResult:1932
solution:{0, 2, 3, 6, 7, 9, 10, 11, 12, 13, 14, 16, 17, 18, 19, 21, 22, 23, 24, 25, 26, 27, 28, 29, 30, 31, 32, 33, 34, 37, 38, 39, 40, 41, 42, 43, 45, 47}
maxResult:1940
solution:{0, 4, 5, 6, 7, 8, 9, 10, 11, 13, 14, 15, 16, 17, 19, 20, 21, 22, 23, 25, 26, 27, 28, 29, 30, 31, 32, 33, 34, 35, 37, 38, 40, 41, 42, 44, 46, 47}
maxResult:2073
solution:{0, 3, 4, 6, 7, 8, 9, 10, 11, 13, 14, 15, 16, 17, 18, 20, 21, 22, 23, 24, 25, 26, 27, 28, 29, 30, 31, 32, 33, 34, 35, 37, 38, 40, 41, 42, 43, 44, 45, 46, 47, 48, 49}
maxResult:2134
solution:{2, 3, 4, 5, 6, 7, 8, 9, 10, 13, 14, 15, 16, 18, 20, 21, 22, 23, 24, 25, 26, 27, 28, 29, 30, 31, 32, 33, 34, 35, 36, 41, 46, 47, 48}
maxResult:2217
solution:{1, 2, 3, 5, 6, 7, 8, 9, 10, 11, 12, 13, 14, 15, 16, 17, 18, 19, 20, 21, 22, 23, 24, 25, 26, 27, 28, 29, 30, 31, 32, 33, 34, 36, 39, 40, 42, 43, 45, 48}
maxResult:2269
c_medium.in
solution:{10, 11, 16, 19, 20, 21, 23, 24, 25, 26, 30, 31, 32, 35, 36, 37, 38, 41, 42, 43, 44, 45, 47}
maxResult:2681
solution:{2, 3, 6, 9, 13, 14, 15, 16, 19, 22, 23, 25, 27, 28, 30, 31, 32, 33, 35, 37, 39, 41, 44, 45, 46, 48, 49}
maxResult:2822
solution:{1, 4, 5, 8, 13, 14, 20, 21, 22, 24, 25, 28, 29, 31, 32, 36, 37, 38, 39, 40, 41, 44, 45, 46, 47, 49}
maxResult:2864
solution:{3, 6, 10, 14, 15, 17, 18, 19, 21, 22, 23, 24, 25, 26, 28, 33, 34, 35, 37, 38, 39, 40, 43, 44, 47, 48, 49}
maxResult:2911
solution:{2, 4, 6, 11, 12, 16, 17, 18, 20, 21, 23, 24, 26, 28, 29, 31, 33, 35, 36, 37, 38, 39, 41, 42, 45, 46, 47, 48, 49}
maxResult:3179
solution:{0, 2, 4, 6, 7, 8, 10, 15, 16, 17, 18, 19, 21, 24, 26, 27, 28, 29, 30, 31, 32, 33, 35, 36, 37, 38, 40, 41, 42, 43, 45, 46, 49}
maxResult:3293
solution:{1, 5, 7, 8, 9, 13, 15, 16, 17, 19, 21, 23, 24, 26, 29, 30, 32, 33, 34, 35, 36, 37, 39, 40, 41, 42, 44, 45, 46, 47, 49}
maxResult:3361
solution:{1, 4, 5, 6, 7, 8, 10, 11, 12, 14, 15, 16, 20, 21, 23, 24, 27, 28, 29, 30, 32, 33, 34, 35, 36, 39, 40, 41, 42, 43, 46, 47, 48, 49}
maxResult:3375
solution:{4, 5, 6, 8, 11, 15, 18, 19, 20, 23, 24, 25, 27, 28, 29, 30, 31, 35, 36, 38, 39, 40, 41, 42, 43, 44, 45, 46, 47, 49}
maxResult:3378
solution:{1, 2, 5, 6, 8, 10, 11, 13, 14, 15, 16, 19, 20, 22, 26, 27, 28, 29, 30, 31, 33, 34, 35, 36, 37, 38, 39, 41, 44, 45, 46, 47, 48, 49}
maxResult:3521
solution:{0, 1, 2, 3, 4, 7, 11, 12, 13, 14, 17, 18, 20, 21, 22, 24, 25, 26, 27, 29, 31, 32, 33, 34, 35, 36, 37, 38, 39, 40, 42, 43, 44, 45, 47, 48, 49}
maxResult:3743
solution:{0, 2, 3, 4, 6, 7, 8, 11, 13, 15, 16, 17, 19, 20, 21, 22, 25, 26, 27, 28, 29, 30, 32, 33, 34, 35, 36, 37, 38, 39, 40, 41, 42, 43, 45, 46, 48, 49}
maxResult:3820
solution:{0, 6, 7, 8, 10, 11, 12, 16, 17, 18, 21, 22, 24, 25, 26, 27, 28, 29, 30, 32, 33, 34, 35, 36, 37, 39, 40, 41, 42, 43, 44, 45, 46, 47, 48, 49}
maxResult:3986
solution:{1, 2, 3, 5, 6, 9, 10, 11, 12, 13, 14, 15, 18, 19, 21, 22, 23, 24, 25, 26, 27, 28, 29, 30, 32, 33, 34, 36, 37, 38, 39, 40, 41, 42, 43, 45, 46, 47, 48, 49}
maxResult:4009
solution:{3, 5, 9, 12, 13, 14, 15, 16, 17, 18, 19, 20, 22, 23, 24, 25, 26, 27, 29, 30, 31, 32, 33, 34, 35, 37, 38, 39, 40, 41, 42, 43, 45, 46, 47, 48, 49}
maxResult:4026
solution:{0, 4, 5, 8, 9, 12, 13, 14, 15, 16, 18, 19, 20, 21, 22, 23, 25, 26, 27, 28, 30, 31, 33, 35, 36, 37, 38, 39, 40, 41, 42, 43, 44, 45, 46, 47, 48, 49}
maxResult:4068
solution:{1, 5, 7, 8, 9, 10, 11, 12, 13, 15, 16, 17, 18, 19, 20, 22, 23, 24, 25, 26, 27, 29, 30, 31, 32, 34, 35, 37, 38, 39, 40, 41, 42, 43, 44, 45, 46, 47, 48, 49}
maxResult:4168
solution:{0, 1, 2, 6, 7, 8, 9, 10, 11, 12, 13, 14, 15, 16, 17, 18, 19, 21, 22, 23, 24, 25, 27, 28, 30, 31, 32, 33, 34, 35, 36, 37, 38, 39, 40, 41, 42, 43, 44, 45, 46, 47, 48}
maxResult:4208
solution:{1, 3, 4, 5, 6, 7, 8, 9, 10, 11, 14, 15, 16, 17, 18, 19, 20, 21, 24, 25, 26, 27, 28, 29, 30, 31, 32, 33, 34, 35, 36, 37, 38, 39, 40, 41, 42, 43, 44, 45, 47, 48, 49}
maxResult:4272